4735
78
45
51
40
54
42
44
39
38
44
44
44
44
35
34
24
35
36
19
27
29
38
19
30
22
26
21
28
30
27
26
19
28
33
22
10
22
30
28
23
20
23
29
20
21
29
31
30
24
24
26
19
26
28
19
17
29
21
18
23
21
12
21
22
19
12
14
8
14
8
15
13
12
19
9
6
14
10
11
7
14
14
8
5
8
3
6
11
7
11
2
4
8
6
6
1
8
0
5
6
10
1
1
7
7
2
5
3
3
5
2
1
3
1
4
3
6
3
0
0
1
3
1
2
0
2
2
3
1
2
2
1
2
2
3
3
1
0
1
2
2
0
0
2
3
1
1
1
4
0
1
0
2
1
1
0
0
2
0
1
0
4
0
2
2
0
1
0
0
1
0
0
1
0
2
0
0
1
0
0
3
0
0
0
0
2
0
1
1
1
1
2
2
0
2
0
1
0
0
0
0
0
1
0
0
0
0
1
0
0
0
0
1
0
0
0
1
0
1
0
0
0
1
0
0
0
0
1
0
0
1
1
0
0
0
0
0
0
0
0
0
0
0
1
1
0
0
0
0
0
0
0
0
1
0
0
0
0
1
0
0
0
0
1
1
1
0
0
0
0
0
1
0
1
0
0
0
0
0
0
0
0
0
0
0
0
0
0
0
0
0
0
0
0
0
0
0
0
0
0
0
0
0
0
0
0
0
0
1
0
0
0
0
0
0
0
0
0
0
0
0
0
0
0
0
0
0
0
0
0
1
0
0
0
0
0
0
0
0
1
0
0
0
0
0
0
0
0
0
0
0
0
0
0
0
0
0
0
0
0
1
0
0
0
0
0
0
0
0
0
0
0
0
0
0
0
0
0
0
0
0
0
0
0
0
0
0
0
0
0
0
0
0
0
0
0
0
0
0
0
0
0
0
0
0
0
0
0
0
0
0
0
0
0
0
0
0
0
0
0
0
0
0
0
0
0
0
0
0
0
0
0
0
0
0
0
0
0
0
0
0
0
0
0
0
0
0
0
0
0
0
0
0
0
0
0
1
