1
1494
1801
1488
925
648
576
416
388
283
231
215
158
184
136
121
84
97
98
105
118
84
70
85
74
94
65
48
99
68
52
118
30
32
24
24
16
19
58
26
19
35
37
20
26
36
58
14
6
25
12
25
39
13
22
5
10
13
28
9
6
17
11
12
7
34
15
6
8
25
4
4
6
8
9
5
7
42
4
6
7
5
3
5
7
7
5
5
3
33
49
9
29
10
4
8
9
8
29
5
5
7
4
8
4
5
3
4
5
4
3
4
3
2
2
1
2
5
5
1
2
3
5
0
4
1
4
2
1
2
1
3
1
0
2
0
3
3
2
2
1
0
0
3
0
2
2
1
1
7
1
2
1
0
0
0
0
0
1
0
2
3
1
1
3
0
0
1
1
2
2
0
2
2
0
0
0
0
3
1
0
2
0
1
0
2
2
0
1
0
1
0
1
1
1
0
0
0
0
0
0
0
1
0
1
0
0
0
0
0
1
1
1
0
1
0
0
0
0
0
0
0
0
0
0
0
0
0
1
0
0
0
0
0
0
0
0
0
44
6
3
2
3
2
4
1
5
6
1
4
2
2
2
2
4
0
3
2
1
1
2
1
0
2
2
1
2
1
0
2
1
1
1
1
1
1
0
0
1
1
0
0
5
1
0
0
0
3
0
1
0
2
1
0
2
1
3
5
3
2
1
1
0
4
0
2
2
0
6
1
2
0
3
1
1
0
1
2
0
0
0
4
1
0
0
2
1
4
3
0
1
1
1
1
1
1
1
0
1
0
0
0
2
2
0
1
3
1
1
1
1
0
1
0
1
1
0
0
0
1
0
0
0
0
1
1
0
1
0
0
0
1
2
0
2
1
0
0
0
0
1
1
0
0
0
0
0
0
0
0
0
0
0
0
1
0
0
0
0
0
1
0
0
1
0
0
0
0
0
1
0
0
0
0
0
1
0
0
0
0
0
0
1
2
1
2
0
0
0
0
0
0
0
0
0
0
0
0
0
0
2
0
0
1
1
0
0
0
0
0
0
0
0
0
0
0
0
0
0
0
0
0
0
0
0
0
0
0
0
0
0
0
0
0
0
0
0
0
0
0
0
0
1
0
0
0
1
0
0
0
0
1
